     128 64 32 16 8  4  2  1
16  : 0  0  0  1  0  0  0  0
              XOR
2   : 0  0  0  0  0  0  1  0
____________________________
18  : 0  0  0  1  0  0  1  0


     128 64 32 16 8  4  2  1
17  : 0  0  0  1  0  0  0  1
              XOR
2   : 0  0  0  0  0  0  1  0
____________________________
19  : 0  0  0  1  0  0  1  1



     128 64 32 16 8  4  2  1
17  : 0  0  0  1  0  0  0  1
              XOR
4   : 0  0  0  0  0  1  0  0
____________________________
21  : 0  0  0  1  0  1  0  1



     128 64 32 16 8  4  2  1
5   : 0  0  0  0  0  1  0  1
              XOR
4   : 0  0  0  0  0  1  0  0
____________________________
1  : 0  0  0  0  0  0  0  1